
local ReplicatedStorage = game:GetService("ReplicatedStorage")
local RequestCommand = ReplicatedStorage:WaitForChild("HDAdminHDClient").Signals.RequestCommandSilent


RequestCommand:InvokeServer(";btools me")
task.wait(1.2)
RequestCommand:InvokeServer(";punish all")
task.wait(0.2) 


local player = game.Players.LocalPlayer
local backpack = player.Backpack
local character = player.Character

local function getF3X()
    for _, v in ipairs(backpack:GetChildren()) do
        if v:FindFirstChild("SyncAPI") then return v end
    end
    for _, v in ipairs(character:GetChildren()) do
        if v:FindFirstChild("SyncAPI") then return v end
    end
    return nil
end

local f3x = getF3X()
if not f3x then
    warn("F3X / SyncAPI not found – please equip btools and try again")
    return
end

local syncapi = f3x.SyncAPI
local endpoint = syncapi.ServerEndpoint


for _, v in ipairs(workspace:GetDescendants()) do
    if v:IsA("BasePart") or v:IsA("UnionOperation") or v:IsA("MeshPart") then
        task.spawn(function()
            pcall(function()
                endpoint:InvokeServer("Remove", {v})
            end)
        end)
    end
end
task.wait(1)

local function syncAnchor(ep, part, anchored)
    ep:InvokeServer("SyncAnchor", {{Part = part, Anchored = anchored}})
end

local function batchResize(ep, tbl) if #tbl>0 then ep:InvokeServer("SyncResize", tbl) end end
local function batchMaterial(ep, tbl) if #tbl>0 then ep:InvokeServer("SyncMaterial", tbl) end end
local function batchColor(ep, tbl) if #tbl>0 then ep:InvokeServer("SyncColor", tbl) end end
local function batchCollision(ep, tbl) if #tbl>0 then ep:InvokeServer("SyncCollision", tbl) end end


local function createMesh(ep, part) ep:InvokeServer("CreateMeshes", {{Part = part}}) end
local function syncMeshType(ep, part, t) ep:InvokeServer("SyncMesh", {{Part = part, MeshType = t}}) end
local function syncMeshScale(ep, part, s) ep:InvokeServer("SyncMesh", {{Part = part, Scale = s}}) end
local function syncMeshOffset(ep, part, o) ep:InvokeServer("SyncMesh", {{Part = part, Offset = o}}) end
local function syncMeshId(ep, part, id) ep:InvokeServer("SyncMesh", {{Part = part, MeshId = id}}) end
local function syncMeshTexture(ep, part, tex) ep:InvokeServer("SyncMesh", {{Part = part, TextureId = tex}}) end
local function syncMeshVertexColor(ep, part, col) ep:InvokeServer("SyncMesh", {{Part = part, VertexColor = col}}) end

local function createDecal(ep, part, face) ep:InvokeServer("CreateTextures", {{Part = part, Face = face, TextureType = "Decal"}}) end
local function setDecalTexture(ep, part, tex, face) ep:InvokeServer("SyncTexture", {{Part = part, Face = face, TextureType = "Decal", Texture = tex}}) end
local function setDecalTransparency(ep, part, trans, face) ep:InvokeServer("SyncTexture", {{Part = part, Face = face, TextureType = "Decal", Transparency = trans}}) end


local function createTexture(ep, part, face) ep:InvokeServer("CreateTextures", {{Part = part, Face = face, TextureType = "Texture"}}) end
local function setTextureId(ep, part, tex, face) ep:InvokeServer("SyncTexture", {{Part = part, Face = face, TextureType = "Texture", Texture = tex}}) end
local function setTextureTransparency(ep, part, trans, face) ep:InvokeServer("SyncTexture", {{Part = part, Face = face, TextureType = "Texture", Transparency = trans}}) end


local function createLight(ep, part, lightType)
    ep:InvokeServer("CreateLights", {{Part = part, LightType = lightType}})
end
local function syncLight(ep, part, lightType, brightness, range, color, shadows, face, angle)
    local params = {Part = part, LightType = lightType}
    if brightness ~= nil then params.Brightness = brightness end
    if range ~= nil then params.Range = range end
    if color then params.Color = color end
    if shadows ~= nil then params.Shadows = shadows end
    if face and face ~= "nil" then params.Face = face end
    if angle ~= nil then params.Angle = angle end
    ep:InvokeServer("SyncLighting", {params})
end


local function createGroup(ep, groupType, parent, items) return ep:InvokeServer("CreateGroup", groupType, parent, items) end
local function setName(ep, obj, name) ep:InvokeServer("SetName", {obj}, name) end
local function setLocked(ep, part, lock) ep:InvokeServer("SetLocked", {part}, lock) end



local P = {}

local partData = {
    [6] = {anchored = true},
    [10] = {anchored = true},
    [11] = {anchored = true},
    [12] = {anchored = true},
    [13] = {anchored = true},
    [14] = {anchored = true},
    [15] = {anchored = true},
    [16] = {anchored = true},
    [17] = {anchored = true},
    [18] = {anchored = true},
    [19] = {anchored = true},
    [21] = {anchored = true},
    [22] = {anchored = true},
    [23] = {anchored = true},
    [24] = {anchored = true},
    [25] = {anchored = true},
    [26] = {anchored = true},
    [27] = {anchored = true},
    [28] = {anchored = true},
    [29] = {anchored = true},
    [30] = {anchored = true},
    [31] = {anchored = true},
    [32] = {anchored = true},
    [33] = {anchored = true},
    [34] = {anchored = true},
    [35] = {anchored = true},
    [36] = {anchored = true},
    [37] = {anchored = true},
    [38] = {anchored = true},
    [39] = {anchored = true},
    [40] = {anchored = true},
    [41] = {anchored = true},
    [42] = {anchored = true},
    [43] = {anchored = true},
    [44] = {anchored = true},
    [45] = {anchored = true},
    [49] = {anchored = true},
    [50] = {anchored = true},
    [51] = {anchored = true},
    [52] = {anchored = true},
    [53] = {anchored = true},
    [54] = {anchored = true},
    [55] = {anchored = true},
    [56] = {anchored = true},
    [57] = {anchored = true},
    [58] = {anchored = true},
    [60] = {anchored = true},
    [61] = {anchored = true},
    [62] = {anchored = true},
    [63] = {anchored = true},
    [64] = {anchored = true},
    [65] = {anchored = true},
    [66] = {anchored = true},
    [67] = {anchored = true},
    [68] = {anchored = true},
    [69] = {anchored = true},
    [70] = {anchored = true},
    [71] = {anchored = true},
    [72] = {anchored = true},
    [73] = {anchored = true},
    [74] = {anchored = true},
    [75] = {anchored = true},
    [76] = {anchored = true},
    [77] = {anchored = true},
    [78] = {anchored = true},
    [79] = {anchored = true},
    [80] = {anchored = true},
    [81] = {anchored = true},
    [82] = {anchored = true},
    [83] = {anchored = true},
    [84] = {anchored = true},
    [86] = {anchored = true},
    [89] = {anchored = true},
    [90] = {anchored = true},
    [91] = {anchored = true},
    [92] = {anchored = true},
    [93] = {anchored = true},
    [94] = {anchored = true},
    [95] = {anchored = true},
    [96] = {anchored = true},
    [97] = {anchored = true},
    [98] = {anchored = true},
    [99] = {anchored = true},
    [100] = {anchored = true},
    [101] = {anchored = true},
    [102] = {anchored = true},
    [103] = {anchored = true},
    [104] = {anchored = true},
    [105] = {anchored = true},
    [106] = {anchored = true},
    [107] = {anchored = true},
    [108] = {anchored = true},
    [109] = {anchored = true},
    [110] = {anchored = true},
    [111] = {anchored = true},
    [112] = {anchored = true},
    [113] = {anchored = true},
    [114] = {anchored = true},
    [115] = {anchored = true},
    [116] = {anchored = true},
    [119] = {anchored = true},
    [122] = {anchored = true},
    [124] = {anchored = true},
    [128] = {anchored = true},
    [129] = {anchored = true},
    [130] = {anchored = true},
    [131] = {anchored = true},
    [136] = {anchored = true},
    [137] = {anchored = true},
    [138] = {anchored = true},
    [139] = {anchored = true},
    [144] = {anchored = true},
    [145] = {anchored = true},
    [146] = {anchored = true},
    [147] = {anchored = true},
    [152] = {anchored = true},
    [153] = {anchored = true},
    [154] = {anchored = true},
    [156] = {anchored = true},
    [158] = {anchored = true},
    [160] = {anchored = true},
    [161] = {anchored = true},
    [162] = {anchored = true},
    [164] = {anchored = true},
    [166] = {anchored = true},
    [168] = {anchored = true},
    [170] = {anchored = true},
    [172] = {anchored = true},
    [174] = {anchored = true},
    [176] = {anchored = true},
    [178] = {anchored = true},
    [180] = {anchored = true},
    [182] = {anchored = true},
    [184] = {anchored = true},
    [186] = {anchored = true},
    [187] = {anchored = true},
    [189] = {anchored = true},
    [190] = {anchored = true},
    [192] = {anchored = true},
    [193] = {anchored = true},
    [195] = {anchored = true},
    [196] = {anchored = true},
    [198] = {anchored = true},
    [200] = {anchored = true},
    [202] = {anchored = true},
    [204] = {anchored = true},
    [206] = {anchored = true},
    [207] = {anchored = true},
    [208] = {anchored = true},
    [210] = {anchored = true},
    [212] = {anchored = true},
    [216] = {anchored = true},
    [217] = {anchored = true},
    [218] = {anchored = true},
    [219] = {anchored = true},
    [224] = {anchored = true},
    [225] = {anchored = true},
    [226] = {anchored = true},
    [227] = {anchored = true},
    [232] = {anchored = true},
    [233] = {anchored = true},
    [234] = {anchored = true},
    [235] = {anchored = true},
    [239] = {anchored = true},
    [241] = {anchored = true},
    [243] = {anchored = true},
    [245] = {anchored = true},
    [247] = {anchored = true},
    [249] = {anchored = true},
    [251] = {anchored = true},
    [253] = {anchored = true},
    [255] = {anchored = true},
    [257] = {anchored = true},
    [260] = {anchored = true},
    [262] = {anchored = true},
    [264] = {anchored = true},
    [266] = {anchored = true},
    [268] = {anchored = true},
    [270] = {anchored = true},
    [272] = {anchored = true},
    [274] = {anchored = true},
    [276] = {anchored = true},
    [279] = {anchored = true},
    [281] = {anchored = true},
    [283] = {anchored = true},
    [285] = {anchored = true},
    [287] = {anchored = true},
    [289] = {anchored = true},
    [291] = {anchored = true},
    [293] = {anchored = true},
    [295] = {anchored = true},
    [298] = {anchored = true},
    [300] = {anchored = true},
    [302] = {anchored = true},
    [304] = {anchored = true},
    [306] = {anchored = true},
    [308] = {anchored = true},
    [310] = {anchored = true},
    [312] = {anchored = true},
    [314] = {anchored = true},
    [317] = {anchored = true},
    [318] = {anchored = true},
    [320] = {anchored = true},
    [322] = {anchored = true},
    [323] = {anchored = true},
    [326] = {anchored = true},
    [329] = {anchored = true},
    [330] = {anchored = true},
    [333] = {anchored = true},
    [335] = {anchored = true},
    [337] = {anchored = true},
    [339] = {anchored = true},
    [341] = {anchored = true},
    [343] = {anchored = true},
    [345] = {anchored = true},
    [347] = {anchored = true},
    [349] = {anchored = true},
    [351] = {anchored = true},
    [353] = {anchored = true},
    [357] = {anchored = true},
    [358] = {anchored = true},
    [360] = {anchored = true},
    [362] = {anchored = true},
    [365] = {anchored = true},
    [367] = {anchored = true},
    [368] = {anchored = true},
    [370] = {anchored = true},
    [371] = {anchored = true},
    [374] = {anchored = true},
    [376] = {anchored = true},
    [378] = {anchored = true},
    [380] = {anchored = true},
    [382] = {anchored = true},
    [384] = {anchored = true},
    [386] = {anchored = true},
    [388] = {anchored = true},
    [391] = {anchored = true},
    [393] = {anchored = true},
    [394] = {anchored = true},
    [396] = {anchored = true},
    [397] = {anchored = true},
    [398] = {anchored = true},
    [401] = {anchored = true},
    [403] = {anchored = true},
    [406] = {anchored = true},
    [408] = {anchored = true},
    [409] = {anchored = true},
    [411] = {anchored = true},
    [412] = {anchored = true},
    [413] = {anchored = true},
    [414] = {anchored = true},
    [416] = {anchored = true},
    [417] = {anchored = true},
    [418] = {anchored = true},
    [419] = {anchored = true},
    [421] = {anchored = true},
    [424] = {anchored = true},
    [427] = {anchored = true},
    [428] = {anchored = true},
    [430] = {anchored = true},
    [432] = {anchored = true},
    [434] = {anchored = true},
    [436] = {anchored = true},
    [439] = {anchored = true},
    [442] = {anchored = true},
    [444] = {anchored = true},
    [446] = {anchored = true},
    [455] = {anchored = true},
    [456] = {anchored = true},
    [457] = {anchored = true},
    [458] = {anchored = true},
    [463] = {anchored = true},
    [464] = {anchored = true},
    [465] = {anchored = true},
    [466] = {anchored = true},
    [471] = {anchored = true},
    [472] = {anchored = true},
    [473] = {anchored = true},
    [476] = {anchored = true},
    [477] = {anchored = true},
    [478] = {anchored = true},
    [479] = {anchored = true},
    [484] = {anchored = true},
    [485] = {anchored = true},
    [486] = {anchored = true},
    [487] = {anchored = true},
    [492] = {anchored = true},
    [493] = {anchored = true},
    [494] = {anchored = true},
    [497] = {anchored = true},
    [498] = {anchored = true},
    [499] = {anchored = true},
    [500] = {anchored = true},
    [505] = {anchored = true},
    [506] = {anchored = true},
    [507] = {anchored = true},
    [508] = {anchored = true},
    [513] = {anchored = true},
    [514] = {anchored = true},
    [515] = {anchored = true},
    [517] = {anchored = true},
    [518] = {anchored = true},
    [520] = {anchored = true},
    [522] = {anchored = true},
    [525] = {anchored = true},
    [527] = {anchored = true},
    [529] = {anchored = true},
    [531] = {anchored = true},
    [533] = {anchored = true},
    [535] = {anchored = true},
    [537] = {anchored = true},
    [539] = {anchored = true},
    [541] = {anchored = true},
    [543] = {anchored = true},
    [546] = {anchored = true},
    [548] = {anchored = true},
    [550] = {anchored = true},
    [552] = {anchored = true},
    [554] = {anchored = true},
    [556] = {anchored = true},
    [558] = {anchored = true},
    [560] = {anchored = true},
    [562] = {anchored = true},
    [565] = {anchored = true},
    [567] = {anchored = true},
    [569] = {anchored = true},
    [571] = {anchored = true},
    [573] = {anchored = true},
    [575] = {anchored = true},
    [577] = {anchored = true},
    [579] = {anchored = true},
    [581] = {anchored = true},
    [584] = {anchored = true},
    [586] = {anchored = true},
    [588] = {anchored = true},
    [590] = {anchored = true},
    [592] = {anchored = true},
    [594] = {anchored = true},
    [596] = {anchored = true},
    [598] = {anchored = true},
    [600] = {anchored = true},
    [603] = {anchored = true},
    [604] = {anchored = true},
    [606] = {anchored = true},
    [608] = {anchored = true},
    [609] = {anchored = true},
    [611] = {anchored = true},
    [613] = {anchored = true},
    [615] = {anchored = true},
    [618] = {anchored = true},
    [621] = {anchored = true},
    [623] = {anchored = true},
    [626] = {anchored = true},
    [627] = {anchored = true},
    [629] = {anchored = true},
    [631] = {anchored = true},
    [633] = {anchored = true},
    [635] = {anchored = true},
    [636] = {anchored = true},
    [638] = {anchored = true},
    [645] = {anchored = true},
    [652] = {anchored = true},
    [656] = {anchored = true},
    [658] = {anchored = true},
    [660] = {anchored = true},
    [662] = {anchored = true},
    [664] = {anchored = true},
    [666] = {anchored = true},
    [668] = {anchored = true},
    [670] = {anchored = true},
    [672] = {anchored = true},
    [674] = {anchored = true},
    [677] = {anchored = true},
    [679] = {anchored = true},
    [681] = {anchored = true},
    [683] = {anchored = true},
    [685] = {anchored = true},
    [687] = {anchored = true},
    [689] = {anchored = true},
    [691] = {anchored = true},
    [693] = {anchored = true},
    [696] = {anchored = true},
    [698] = {anchored = true},
    [700] = {anchored = true},
    [702] = {anchored = true},
    [704] = {anchored = true},
    [706] = {anchored = true},
    [708] = {anchored = true},
    [710] = {anchored = true},
    [712] = {anchored = true},
    [715] = {anchored = true},
    [717] = {anchored = true},
    [719] = {anchored = true},
    [721] = {anchored = true},
    [723] = {anchored = true},
    [725] = {anchored = true},
    [727] = {anchored = true},
    [729] = {anchored = true},
    [731] = {anchored = true},
    [733] = {anchored = true},
    [737] = {anchored = true},
    [738] = {anchored = true},
    [740] = {anchored = true},
    [742] = {anchored = true},
    [745] = {anchored = true},
    [747] = {anchored = true},
    [748] = {anchored = true},
    [750] = {anchored = true},
    [751] = {anchored = true},
    [753] = {anchored = true},
    [755] = {anchored = true},
    [757] = {anchored = true},
    [760] = {anchored = true},
    [762] = {anchored = true},
    [763] = {anchored = true},
    [765] = {anchored = true},
    [766] = {anchored = true},
    [767] = {anchored = true},
    [770] = {anchored = true},
    [772] = {anchored = true},
    [775] = {anchored = true},
    [777] = {anchored = true},
    [778] = {anchored = true},
    [780] = {anchored = true},
    [781] = {anchored = true},
    [782] = {anchored = true},
    [783] = {anchored = true},
    [784] = {anchored = true},
    [786] = {anchored = true},
    [788] = {anchored = true},
    [790] = {anchored = true},
    [792] = {anchored = true},
    [796] = {anchored = true},
    [797] = {anchored = true},
    [799] = {anchored = true},
    [801] = {anchored = true},
    [802] = {anchored = true},
    [805] = {anchored = true},
    [808] = {anchored = true},
    [810] = {anchored = true},
    [814] = {anchored = true},
    [819] = {anchored = true},
    [820] = {anchored = true},
    [824] = {anchored = true},
    [828] = {anchored = true},
    [832] = {anchored = true},
    [833] = {anchored = true},
    [835] = {anchored = true},
    [836] = {anchored = true},
    [837] = {anchored = true},
    [838] = {anchored = true},
    [839] = {anchored = true},
    [840] = {anchored = true},
    [841] = {anchored = true},
    [842] = {anchored = true},
    [843] = {anchored = true},
    [845] = {anchored = true},
    [850] = {anchored = true},
    [852] = {anchored = true},
    [853] = {anchored = true},
    [855] = {anchored = true},
    [856] = {anchored = true},
    [860] = {anchored = true},
    [861] = {anchored = true},
    [863] = {anchored = true},
    [864] = {anchored = true},
    [865] = {anchored = true},
    [866] = {anchored = true},
    [867] = {anchored = true},
    [868] = {anchored = true},
    [869] = {anchored = true},
    [870] = {anchored = true},
    [871] = {anchored = true},
    [872] = {anchored = true},
    [873] = {anchored = true},
    [874] = {anchored = true},
    [875] = {anchored = true},
    [876] = {anchored = true},
    [877] = {anchored = true},
    [878] = {anchored = true},
    [879] = {anchored = true},
    [880] = {anchored = true},
    [881] = {anchored = true},
    [882] = {anchored = true},
    [883] = {anchored = true},
    [885] = {anchored = true},
    [887] = {anchored = true},
    [888] = {anchored = true},
    [890] = {anchored = true},
    [891] = {anchored = true},
    [892] = {anchored = true},
    [893] = {anchored = true},
    [894] = {anchored = true},
    [895] = {anchored = true},
    [897] = {anchored = true},
    [899] = {anchored = true},
    [900] = {anchored = true},
    [902] = {anchored = true},
    [903] = {anchored = true},
    [904] = {anchored = true},
    [905] = {anchored = true},
    [909] = {anchored = true},
    [913] = {anchored = true},
    [914] = {anchored = true},
    [916] = {anchored = true},
    [918] = {anchored = true},
    [919] = {anchored = true},
    [921] = {anchored = true},
    [922] = {anchored = true},
    [927] = {anchored = true},
    [928] = {anchored = true},
    [930] = {anchored = true},
    [931] = {anchored = true},
    [932] = {anchored = true},
    [934] = {anchored = true},
    [937] = {anchored = true},
    [938] = {anchored = true},
    [939] = {anchored = true},
    [942] = {anchored = true},
    [946] = {anchored = true},
    [947] = {anchored = true},
    [948] = {anchored = true},
    [952] = {anchored = true},
    [955] = {anchored = true},
    [956] = {anchored = true},
    [957] = {anchored = true},
    [958] = {anchored = true},
    [959] = {anchored = true},
    [963] = {anchored = true},
    [964] = {anchored = true},
    [965] = {anchored = true},
    [966] = {anchored = true},
    [967] = {anchored = true},
    [968] = {anchored = true},
    [969] = {anchored = true},
    [970] = {anchored = true},
    [971] = {anchored = true},
    [973] = {anchored = true},
    [976] = {anchored = true},
    [978] = {anchored = true},
    [979] = {anchored = true},
    [981] = {anchored = true},
    [982] = {anchored = true},
    [983] = {anchored = true},
    [984] = {anchored = true},
    [988] = {anchored = true},
    [990] = {anchored = true},
    [993] = {anchored = true},
    [994] = {anchored = true},
    [995] = {anchored = true},
    [996] = {anchored = true},
    [998] = {anchored = true},
    [999] = {anchored = true},
    [1000] = {anchored = true},
    [1001] = {anchored = true},
    [1002] = {anchored = true},
    [1003] = {anchored = true},
    [1004] = {anchored = true},
    [1005] = {anchored = true},
    [1006] = {anchored = true},
    [1007] = {anchored = true},
    [1008] = {anchored = true},
    [1009] = {anchored = true},
    [1012] = {anchored = true},
    [1013] = {anchored = true},
    [1014] = {anchored = true},
    [1015] = {anchored = true},
    [1016] = {anchored = true},
    [1017] = {anchored = true},
    [1018] = {anchored = true},
    [1019] = {anchored = true},
    [1020] = {anchored = true},
    [1025] = {anchored = true},
    [1026] = {anchored = true},
    [1028] = {anchored = true},
    [1076] = {anchored = true},
    [1048] = {anchored = true},
    [1131] = {anchored = true},
    [1042] = {anchored = true},
    [1212] = {anchored = true},
    [1218] = {anchored = true},
    [1165] = {anchored = true},
    [1040] = {anchored = true},
    [1046] = {anchored = true},
    [1196] = {anchored = true},
    [1117] = {anchored = true},
    [1038] = {anchored = true},
    [1077] = {anchored = true},
    [1207] = {anchored = true},
    [1222] = {anchored = true},
    [1105] = {anchored = true},
    [1135] = {anchored = true},
    [1030] = {anchored = true},
    [1148] = {anchored = true},
    [1125] = {anchored = true},
    [1211] = {anchored = true},
    [1106] = {anchored = true},
    [1082] = {anchored = true},
    [1166] = {anchored = true},
    [1034] = {anchored = true},
    [1194] = {anchored = true},
    [1142] = {anchored = true},
    [1124] = {anchored = true},
    [1035] = {anchored = true},
    [1195] = {anchored = true},
    [1096] = {anchored = true},
    [1227] = {anchored = true},
    [1182] = {anchored = true},
    [1134] = {anchored = true},
    [1229] = {anchored = true},
    [1133] = {anchored = true},
    [1146] = {anchored = true},
    [1123] = {anchored = true},
    [1226] = {anchored = true},
    [1100] = {anchored = true},
    [1224] = {anchored = true},
    [1127] = {anchored = true},
    [1223] = {anchored = true},
    [1205] = {anchored = true},
    [1072] = {anchored = true},
    [1181] = {anchored = true},
    [1062] = {anchored = true},
    [1074] = {anchored = true},
    [1092] = {anchored = true},
    [1185] = {anchored = true},
    [1217] = {anchored = true},
    [1064] = {anchored = true},
    [1050] = {anchored = true},
    [1216] = {anchored = true},
    [1173] = {anchored = true},
    [1214] = {anchored = true},
    [1213] = {anchored = true},
    [1210] = {anchored = true},
    [1209] = {anchored = true},
    [1208] = {anchored = true},
    [1084] = {anchored = true},
    [1203] = {anchored = true},
    [1044] = {anchored = true},
    [1186] = {anchored = true},
    [1065] = {anchored = true},
    [1174] = {anchored = true},
    [1206] = {anchored = true},
    [1204] = {anchored = true},
    [1057] = {anchored = true},
    [1202] = {anchored = true},
    [1200] = {anchored = true},
    [1193] = {anchored = true},
    [1115] = {anchored = true},
    [1188] = {anchored = true},
    [1113] = {anchored = true},
    [1101] = {anchored = true},
    [1089] = {anchored = true},
    [1037] = {anchored = true},
    [1103] = {anchored = true},
    [1054] = {anchored = true},
    [1132] = {anchored = true},
    [1055] = {anchored = true},
    [1150] = {anchored = true},
    [1187] = {anchored = true},
    [1157] = {anchored = true},
    [1183] = {anchored = true},
    [1176] = {anchored = true},
    [1175] = {anchored = true},
    [1215] = {anchored = true},
    [1083] = {anchored = true},
    [1168] = {anchored = true},
    [1075] = {anchored = true},
    [1033] = {anchored = true},
    [1063] = {anchored = true},
    [1167] = {anchored = true},
    [1056] = {anchored = true},
    [1228] = {anchored = true},
    [1070] = {anchored = true},
    [1121] = {anchored = true},
    [1154] = {anchored = true},
    [1071] = {anchored = true},
    [1160] = {anchored = true},
    [1095] = {anchored = true},
    [1144] = {anchored = true},
    [1085] = {anchored = true},
}

local partDefs = {

    [6] = {shape="Normal", cframe=CFrame.new(-42.5,7,-45,1,0,0,0,1,0,0,0,1)},
    [10] = {shape="Cylinder", cframe=CFrame.new(10.261735916137695,0.21817946434020996,-66.16264343261719,0,-1,0,1,0,-0,0,0,1)},
    [11] = {shape="Cylinder", cframe=CFrame.new(10.16108226776123,3.5005226135253906,-66.13944244384766,0,-1,0,1,0,-0,0,0,1)},
    [12] = {shape="Cylinder", cframe=CFrame.new(10.172690391540527,3.3257226943969727,-66.13944244384766,0,-1,0,1,0,-0,0,0,1)},
    [13] = {shape="Cylinder", cframe=CFrame.new(9.99939250946045,3.94915771484375,-66.06983947753906,0,-1,0,1,0,-0,0,0,1)},
    [14] = {shape="Cylinder", cframe=CFrame.new(9.999190330505371,3.9607553482055664,-66.06983947753906,0,-1,0,1,0,-0,0,0,1)},
    [15] = {shape="Cylinder", cframe=CFrame.new(10,3.914364814758301,-66.06983947753906,0,-1,0,1,0,-0,0,0,1)},
    [16] = {shape="Cylinder", cframe=CFrame.new(10.143311500549316,1.9812583923339844,-66.13944244384766,0,-1,0,1,0,-0,0,0,1)},
    [17] = {shape="Cylinder", cframe=CFrame.new(10.131725311279297,0.47212934494018555,-66.13944244384766,0,-1,0,1,0,-0,0,0,1)},
    [18] = {shape="Cylinder", cframe=CFrame.new(10.16621208190918,3.696845054626465,-66.13944244384766,0,-1,0,1,0,-0,0,0,1)},
    [19] = {shape="Cylinder", cframe=CFrame.new(10.169450759887695,3.5112838745117188,-66.13944244384766,0,-1,0,1,0,-0,0,0,1)},
    [21] = {shape="Normal", cframe=CFrame.new(10.032625198364258,1.8586184978485107,-62.464012145996094,0.999847948551178,-0.01743638701736927,0,0.01743638701736927,0.999847948551178,0,0,0,1)},
    [22] = {shape="Cylinder", cframe=CFrame.new(8.986087799072266,0.9274861812591553,-61.27743148803711,0.2777884006500244,0.6198206543922424,-0.733931839466095,0.9488317370414734,-0.2964627742767334,0.10875776410102844,-0.15017306804656982,-0.7265894412994385,-0.670459508895874)},
    [23] = {shape="Cylinder", cframe=CFrame.new(10.174574851989746,1.2147958278656006,-61.36383819580078,-0.9500465393066406,0.1875259131193161,-0.24949128925800323,0.31096336245536804,0.5003052949905396,-0.8080819249153137,-0.02671445906162262,-0.8452979922294617,-0.5336271524429321)},
    [24] = {shape="Cylinder", cframe=CFrame.new(8.980737686157227,0.9273927211761475,-68.64197540283203,0.2724289298057556,0.5940757989883423,-0.7568727731704712,0.9487277269363403,-0.2969132661819458,0.10843551158905029,-0.1603066623210907,-0.7476071715354919,-0.6445039510726929)},
    [25] = {shape="Cylinder", cframe=CFrame.new(8.938901901245117,0.9730668067932129,-63.3696174621582,0.232918381690979,0.9091469645500183,0.3452546298503876,0.9480648636817932,-0.29135286808013916,0.12761840224266052,0.21661481261253357,0.2975991368293762,-0.9297916889190674)},
    [26] = {shape="Normal", cframe=CFrame.new(10.023613929748535,3.250699520111084,-71.04959106445312,-0.9998476505279541,4.0140002965927124e-07,-0.017456453293561935,-0.017456453293561935,-0.00004601478576660156,0.9998476505279541,-4.0140002965927124e-07,1,0.00004589557647705078)},
    [27] = {shape="Seat", cframe=CFrame.new(10.038385391235352,1.916724681854248,-61.9860725402832,0.999847948551178,-0.01743638701736927,0,0.01743638701736927,0.999847948551178,0,0,0,1)},
    [28] = {shape="Normal", cframe=CFrame.new(10.047908782958984,1.8588852882385254,-69.53598022460938,-0.9998483657836914,-0.01743638701736927,0,-0.01743638701736927,0.999847948551178,0,-0,0,-1.0000004768371582)},
    [29] = {shape="Cylinder", cframe=CFrame.new(11.17813491821289,1.0121526718139648,-61.31653594970703,-0.2658647298812866,-0.8984160423278809,-0.34952065348625183,0.9393452405929565,-0.3229261636734009,0.1155390739440918,-0.21667149662971497,-0.2976028025150299,0.9297773838043213)},
    [30] = {shape="Normal", cframe=CFrame.new(10.04325008392334,2.125734806060791,-71.00900268554688,-0.9998468160629272,-0.007393769919872284,-0.01586596667766571,-0.017504191026091576,0.42257678508758545,0.9061580896377563,0.000004664994776248932,0.906296968460083,-0.4226415157318115)},
    [31] = {shape="Normal", cframe=CFrame.new(10.027966499328613,2.1254677772521973,-60.99098587036133,0.9998468160629272,-0.007393769919872284,-0.01586596667766571,0.017504191026091576,0.42257678508758545,0.9061580896377563,0.000004664994776248932,-0.906296968460083,0.42264145612716675)},
    [32] = {shape="Cylinder", cframe=CFrame.new(11.126304626464844,0.96484375,-70.72256469726562,-0.3107661008834839,-0.6090695261955261,0.7296978235244751,0.9385544657707214,-0.317901611328125,0.13436612486839294,0.15013375878334045,0.7266174554824829,0.6704378128051758)},
    [33] = {shape="Normal", cframe=CFrame.new(10.047528266906738,1.8806777000427246,-70.67869567871094,-0.9998472929000854,-0.016957838088274002,-0.004255961626768112,-0.017483726143836975,0.97015780210495,0.2418433278799057,0.000027815112844109535,0.24188075959682465,-0.9703061580657959)},
    [34] = {shape="Normal", cframe=CFrame.new(10.008331298828125,3.2504329681396484,-60.95040512084961,0.9998476505279541,4.0140002965927124e-07,-0.017456453293561935,0.017456453293561935,-0.00004601478576660156,0.9998476505279541,-4.0140002965927124e-07,-1,-0.00004601478576660156)},
    [35] = {shape="Normal", cframe=CFrame.new(10.045679092407227,1.9865641593933105,-70.90460205078125,-0.9998481273651123,-0.013134629465639591,-0.011454085819423199,-0.017427388578653336,0.7545750737190247,0.655982255935669,0.000026883557438850403,0.656082272529602,-0.7546893358230591)},
    [36] = {shape="Seat", cframe=CFrame.new(10.038385391235352,1.916724681854248,-70.00121307373047,-0.9998483657836914,-0.01743638701736927,0,-0.01743638701736927,0.999847948551178,0,-0,0,-1.0000004768371582)},
    [37] = {shape="Cylinder", cframe=CFrame.new(8.932636260986328,0.9729576110839844,-70.68345642089844,0.232918381690979,0.9091469645500183,0.3452546298503876,0.9480648636817932,-0.29135286808013916,0.12761840224266052,0.21661481261253357,0.2975991368293762,-0.9297916889190674)},
    [38] = {shape="Cylinder", cframe=CFrame.new(10.006461143493652,1.2096507549285889,-61.36766052246094,0.950176477432251,0.11895453184843063,-0.2881222665309906,0.30595847964286804,-0.5326883792877197,0.7890710234642029,-0.05961572378873825,-0.8379102349281311,-0.5425431728363037)},
    [39] = {shape="Normal", cframe=CFrame.new(10.032244682312012,1.88041090965271,-61.32129669189453,0.9998471736907959,-0.016957838088274002,-0.004255961626768112,0.017483726143836975,0.97015780210495,0.2418433278799057,0.000027815112844109535,-0.24188075959682465,0.9703059792518616)},
    [40] = {shape="Cylinder", cframe=CFrame.new(10.096705436706543,1.211225986480713,-70.63233184814453,-0.9602663516998291,-0.10027606040239334,0.2604480981826782,0.27263742685317993,-0.5364944934844971,0.7986504435539246,0.059643469750881195,0.8379250168800354,0.5425166487693787)},
    [41] = {shape="Cylinder", cframe=CFrame.new(9.92851448059082,1.210500717163086,-70.63615417480469,0.9386390447616577,-0.20483452081680298,0.27748799324035645,0.3438660502433777,0.4934958815574646,-0.7988854646682739,0.026700153946876526,0.8452837467193604,0.5336501002311707)},
    [42] = {shape="Cylinder", cframe=CFrame.new(11.171870231628418,1.0120434761047363,-68.63037109375,-0.2658647298812866,-0.8984160423278809,-0.34952065348625183,0.9393452405929565,-0.3229261636734009,0.1155390739440918,-0.21667149662971497,-0.2976028025150299,0.9297773838043213)},
    [43] = {shape="Cylinder", cframe=CFrame.new(11.131654739379883,0.9649369716644287,-63.35801315307617,-0.305295467376709,-0.5833840370178223,0.7526342868804932,0.9386630058288574,-0.3174399137496948,0.1347002387046814,0.16033399105072021,0.7475931644439697,0.6445134878158569)},
    [44] = {shape="Normal", cframe=CFrame.new(10.030396461486816,1.9862971305847168,-61.09538650512695,0.9998481273651123,-0.013134629465639591,-0.011454085819423199,0.017427388578653336,0.7545750737190247,0.655982255935669,0.000026883557438850403,-0.656082272529602,0.7546893954277039)},
    [45] = {shape="Normal", cframe=CFrame.new(-55.234439849853516,7,-49.71952438354492,0.7660612463951111,-0,-0.642767608165741,0,1,-0,0.642767608165741,0,0.7660612463951111)},
    [49] = {shape="Cylinder", cframe=CFrame.new(-50.73826599121094,0.31818246841430664,-69.16264343261719,0,-1,0,1,0,-0,0,0,1)},
    [50] = {shape="Cylinder", cframe=CFrame.new(-50.83891677856445,3.6005256175994873,-69.13945007324219,0,-1,0,1,0,-0,0,0,1)},
    [51] = {shape="Cylinder", cframe=CFrame.new(-50.827308654785156,3.4257259368896484,-69.13945007324219,0,-1,0,1,0,-0,0,0,1)},
    [52] = {shape="Cylinder", cframe=CFrame.new(-51.000606536865234,4.049160957336426,-69.06983947753906,0,-1,0,1,0,-0,0,0,1)},
    [53] = {shape="Cylinder", cframe=CFrame.new(-51.00080871582031,4.060758590698242,-69.06983947753906,0,-1,0,1,0,-0,0,0,1)},
    [54] = {shape="Cylinder", cframe=CFrame.new(-51,4.014368057250977,-69.06983947753906,0,-1,0,1,0,-0,0,0,1)},
    [55] = {shape="Cylinder", cframe=CFrame.new(-50.856689453125,2.081261396408081,-69.13945007324219,0,-1,0,1,0,-0,0,0,1)},
    [56] = {shape="Cylinder", cframe=CFrame.new(-50.8682746887207,0.5721323490142822,-69.13945007324219,0,-1,0,1,0,-0,0,0,1)},
    [57] = {shape="Cylinder", cframe=CFrame.new(-50.83378601074219,3.7968482971191406,-69.13945007324219,0,-1,0,1,0,-0,0,0,1)},
    [58] = {shape="Cylinder", cframe=CFrame.new(-50.83055114746094,3.6112868785858154,-69.13945007324219,0,-1,0,1,0,-0,0,0,1)},
    [60] = {shape="Normal", cframe=CFrame.new(-50.967376708984375,1.9586215019226074,-65.46401977539062,0.999847948551178,-0.01743638701736927,0,0.01743638701736927,0.999847948551178,0,0,0,1)},
    [61] = {shape="Cylinder", cframe=CFrame.new(-52.013912200927734,1.027489185333252,-64.27743530273438,0.2777884006500244,0.6198206543922424,-0.733931839466095,0.9488317370414734,-0.2964627742767334,0.10875776410102844,-0.15017306804656982,-0.7265894412994385,-0.670459508895874)},
    [62] = {shape="Cylinder", cframe=CFrame.new(-50.82542419433594,1.3147988319396973,-64.36384582519531,-0.9500465393066406,0.1875259131193161,-0.24949128925800323,0.31096336245536804,0.5003052949905396,-0.8080819249153137,-0.02671445906162262,-0.8452979922294617,-0.5336271524429321)},
    [63] = {shape="Cylinder", cframe=CFrame.new(-52.019264221191406,1.0273957252502441,-71.64198303222656,0.2724289298057556,0.5940757989883423,-0.7568727731704712,0.9487277269363403,-0.2969132661819458,0.10843551158905029,-0.1603066623210907,-0.7476071715354919,-0.6445039510726929)},
    [64] = {shape="Cylinder", cframe=CFrame.new(-52.06109619140625,1.0730699300765991,-66.36962127685547,0.232918381690979,0.9091469645500183,0.3452546298503876,0.9480648636817932,-0.29135286808013916,0.12761840224266052,0.21661481261253357,0.2975991368293762,-0.9297916889190674)},
    [65] = {shape="Normal", cframe=CFrame.new(-50.97638702392578,3.3507025241851807,-74.04959106445312,-0.9998476505279541,4.0140002965927124e-07,-0.017456453293561935,-0.017456453293561935,-0.00004601478576660156,0.9998476505279541,-4.0140002965927124e-07,1,0.00004589557647705078)},
    [66] = {shape="Seat", cframe=CFrame.new(-50.96161651611328,2.0167276859283447,-64.98607635498047,0.999847948551178,-0.01743638701736927,0,0.01743638701736927,0.999847948551178,0,0,0,1)},
    [67] = {shape="Normal", cframe=CFrame.new(-50.952091217041016,1.9588884115219116,-72.53598022460938,-0.9998483657836914,-0.01743638701736927,0,-0.01743638701736927,0.999847948551178,0,-0,0,-1.0000004768371582)},
    [68] = {shape="Cylinder", cframe=CFrame.new(-49.82186508178711,1.112155795097351,-64.31654357910156,-0.2658647298812866,-0.8984160423278809,-0.34952065348625183,0.9393452405929565,-0.3229261636734009,0.1155390739440918,-0.21667149662971497,-0.2976028025150299,0.9297773838043213)},
    [69] = {shape="Normal", cframe=CFrame.new(-50.956748962402344,2.2257378101348877,-74.00900268554688,-0.9998468160629272,-0.007393769919872284,-0.01586596667766571,-0.017504191026091576,0.42257678508758545,0.9061580896377563,0.000004664994776248932,0.906296968460083,-0.4226415157318115)},
    [70] = {shape="Normal", cframe=CFrame.new(-50.9720344543457,2.225470781326294,-63.990989685058594,0.9998468160629272,-0.007393769919872284,-0.01586596667766571,0.017504191026091576,0.42257678508758545,0.9061580896377563,0.000004664994776248932,-0.906296968460083,0.42264145612716675)},
    [71] = {shape="Cylinder", cframe=CFrame.new(-49.873695373535156,1.0648467540740967,-73.72256469726562,-0.3107661008834839,-0.6090695261955261,0.7296978235244751,0.9385544657707214,-0.317901611328125,0.13436612486839294,0.15013375878334045,0.7266174554824829,0.6704378128051758)},
    [72] = {shape="Normal", cframe=CFrame.new(-50.95247268676758,1.9806807041168213,-73.67869567871094,-0.9998472929000854,-0.016957838088274002,-0.004255961626768112,-0.017483726143836975,0.97015780210495,0.2418433278799057,0.000027815112844109535,0.24188075959682465,-0.9703061580657959)},
    [73] = {shape="Normal", cframe=CFrame.new(-50.991668701171875,3.350435733795166,-63.950408935546875,0.9998476505279541,4.0140002965927124e-07,-0.017456453293561935,0.017456453293561935,-0.00004601478576660156,0.9998476505279541,-4.0140002965927124e-07,-1,-0.00004601478576660156)},
    [74] = {shape="Normal", cframe=CFrame.new(-50.954322814941406,2.086566925048828,-73.90460968017578,-0.9998481273651123,-0.013134629465639591,-0.011454085819423199,-0.017427388578653336,0.7545750737190247,0.655982255935669,0.000026883557438850403,0.656082272529602,-0.7546893358230591)},
    [75] = {shape="Seat", cframe=CFrame.new(-50.96161651611328,2.0167276859283447,-73.001220703125,-0.9998483657836914,-0.01743638701736927,0,-0.01743638701736927,0.999847948551178,0,-0,0,-1.0000004768371582)},
